11.1914
1.32673
5.99627
2.26981
5.05582
2.9012
0.317362
3.21928
6.68237
5.6374
4.69176
9.31516
8.19888
7.68433
8.33099
7.34876
10.6112
3.48103
3.91226
8.50406
1.65246
1.28208
2.32612
6.14378
4.61796
7.37807
4.24303
0.0465712
6.64958
6.5185
4.81157
9.94279
5.27066
2.79733
7.90021
2.7412
3.45325
1.07183
1.72796
0.760857
1.7506
7.22563
6.99533
3.95844
1.82449
5.57166
3.39818
5.31387
3.56616
1.89343
4.26453
7.39313
2.4586
3.48024
0.748435
11.0927
3.99568
4.24696
2.42836
2.69101
9.76704
6.73158
3.66253
1.85336
5.97132
2.74677
2.20698
4.09767
4.03552
7.43543
7.17194
5.00566
3.24781
6.40452
8.16893
4.38192
1.66446
8.98003
6.4472
6.52774
1.54649
3.02936
0.680624
7.60863
4.93057
0.809595
2.12281
3.52684
3.08905
3.16596
4.48032
7.30452
3.86966
1.77728
10.3305
0.778302
2.57976
1.93759
7.99292
10.7456
5.00346
0.976165
9.59648
4.17536
5.29742
7.51234
4.01541
5.80848
1.97153
8.23695
7.64626
5.10687
2.30549
5.92682
1.73217
3.88692
2.04044
9.16255
6.68579
6.95545
7.49611
3.17172
3.29356
2.74224
4.48304
1.94809
5.19289
7.21557
4.59107
3.37008
1.16959
4.2057
3.3198
4.59388
7.68545
3.13657
2.0914
8.69962
6.75713
2.07181
9.52371
9.1389
6.31086
4.25235
7.99245
0.991211
1.78011
7.84808
1.52138
2.15341
2.84918
6.45717
9.01352
1.42445
8.89194
7.20944
2.99683
10.1594
1.08374
6.74742
9.40778
7.82481
5.03484
7.61182
1.43123
2.47435
1.70544
0.480911
2.73913
9.00118
9.03575
8.49422
5.66148
4.70998
3.19568
3.36288
1.76342
4.90432
9.96286
5.41059
4.14063
4.22831
8.12296
8.23777
4.69099
7.04716
3.39874
2.58164
8.62914
5.48483
8.324
10.0431
1.52409
8.61973
0.899019
5.90986
7.36171
3.09445
10.198
6.86973
