5.33508
1.19077
5.47984
15.3611
12.8793
13.1597
12.9735
5.48018
15.5759
14.8033
3.36842
13.6112
3.03885
15.1822
1.6093
4.53758
3.25159
0.801355
5.00474
2.1868
5.35269
14.2559
3.17737
1.41194
4.74077
1.82806
6.20445
1.57714
15.3099
12.8554
13.4243
14.01
4.87793
3.65138
8.36601
-0.225227
5.43517
12.147
13.7631
14.0985
0.738975
5.35895
12.9697
12.1584
1.7553
5.42416
12.4974
7.18832
7.99329
6.63255
6.96717
17.1035
1.43785
13.1807
6.3076
2.62246
13.6537
1.58937
11.8235
14.6133
9.01527
14.4464
12.5197
3.77046
4.55152
13.064
13.8789
3.79626
5.76784
6.7884
4.0197
16.9627
3.26206
2.64165
8.21811
14.3741
3.63936
2.57823
3.86372
5.9615
5.46715
5.00362
1.11414
13.0295
0.802973
1.47905
2.0354
4.6128
6.30488
2.70949
13.8056
5.0138
1.33607
14.0633
2.43437
13.2388
3.41271
12.8299
0.696921
7.92846
15.5194
4.95329
12.4018
4.49468
3.92291
5.46158
14.7452
15.122
14.3652
1.3245
15.7189
7.58728
3.03839
1.89389
3.51167
15.3357
13.4504
14.2398
11.5075
5.84739
6.76747
17.5605
12.81
1.61467
7.29855
13.254
5.00862
3.09155
12.2305
5.93379
7.39548
12.4989
3.1023
14.2448
14.7945
12.5071
2.58556
14.525
12.9662
16.5139
8.55216
2.48885
13.5624
12.8299
14.6017
13.8802
6.4827
14.8637
13.2385
2.43074
0.0552385
16.3423
3.41337
1.46767
15.1085
5.89473
13.8346
5.7438
2.43477
4.32359
14.4152
5.87993
11.701
15.5676
3.63916
1.798
0.219428
1.5989
5.63146
1.91424
13.3524
13.7669
14.1353
7.20687
7.57701
0.132389
4.84017
6.22296
14.4524
13.9464
2.57726
2.32597
3.34507
7.20437
11.354
14.1964
12.2996
15.2953
12.3889
2.42848
13.0868
7.62155
12.604
5.17772
12.693
2.58495
7.12539
4.24728
15.431
6.70929
13.2911
14.5511
7.01555
15.0036
14.8115
14.4603
7.8585
6.19176
14.4559
14.7689
8.41047
4.26464
13.7272
14.062
13.4179
12.7885
5.45791
4.91863
5.83716
5.13918
14.1504
15.0904
6.27639
3.36333
2.7398
13.9281
12.4894
7.70407
12.8102
12.3199
15.0362
6.53729
6.85236
4.67694
15.1228
1.26875
3.3065
13.9113
5.62947
16.0378
5.29033
0.121342
4.0885
-0.0573443
8.29761
5.85529
4.43266
5.04043
6.60544
1.58617
6.5019
12.9853
8.12026
14.624
12.1909
15.5602
7.31831
4.75139
5.16309
7.31603
2.75504
13.7568
12.3046
7.53653
5.17362
3.33
6.55395
2.50594
2.98605
7.1963
11.8246
3.78267
7.38305
15.5041
5.90099
3.87257
1.12854
13.0469
15.3951
5.01147
13.6323
1.96293
6.20134
13.4982
13.356
6.22486
7.86415
6.70061
12.1235
6.93035
5.42852
5.78567
5.07716
13.7309
12.9554
3.59893
5.89663
14.9939
4.24444
-0.460829
1.92975
14.4721
6.26276
6.87403
14.9293
5.53034
13.933
16.2368
2.04248
16.6765
12.9097
15.5868
14.5007
7.40334
2.80679
14.9335
3.37257
15.0874
15.4143
4.42092
13.5343
13.1963
1.21061
6.24135
0.620533
5.83466
8.51996
2.01968
2.75057
13.7519
7.08443
16.2796
14.1135
7.14287
6.3325
5.48031
6.07954
11.6771
13.6388
13.2567
13.5971
7.81797
14.8499
5.92844
2.74317
7.88202
6.75353
13.4803
13.6287
3.51184
-0.595752
0.963866
14.3647
5.18532
5.42464
14.3311
5.55602
13.0086
16.3431
3.98656
3.12607
11.8248
13.8771
14.13
7.4209
5.71851
14.792
2.23426
3.62531
8.37598
15.3565
14.8116
4.75545
-0.681722
7.00217
4.68946
5.74678
5.27854
15.598
7.40489
7.44171
2.669
5.70811
5.37466
2.39256
8.46791
0.709342
1.50066
7.88099
2.43342
2.80511
6.87869
7.29747
10.4736
1.31968
16.0828
1.8956
7.37153
15.0404
13.02
12.899
14.4363
12.4086
1.40428
7.2102
5.90052
5.69387
7.2853
14.569
5.89249
6.04635
9.2507
6.31606
1.27366
3.05567
2.61168
9.75882
14.8915
14.2122
8.20248
15.3626
4.28522
3.77074
2.63234
14.8684
12.5501
5.62335
13.1122
13.3922
4.09671
11.1181
15.2159
12.8028
12.6432
2.39463
13.4556
0.146001
15.673
1.68206
5.9943
15.0506
7.714
2.30097
14.323
16.7994
5.1507
8.40861
6.27816
4.95584
6.62228
12.7712
7.57813
14.8808
1.987
4.19321
1.21177
13.0528
15.4263
1.52702
6.75491
11.8377
14.1255
14.0918
14.0368
2.13742
5.71618
3.047
13.9727
5.77307
4.96266
12.4239
15.4137
12.2597
2.05799
13.4609
2.58969
0.541978
13.3156
15.2355
13.3056
14.0527
12.1044
11.8692
6.0189
5.95602
12.279
3.81426
6.12344
15.1387
15.2363
13.5714
5.75313
4.11267
12.5552
14.6986
6.09167
7.15828
16.3087
13.9793
11.7379
5.16538
5.28428
13.294
15.0042
6.04782
14.4118
1.29621
13.024
12.2906
6.30846
13.0523
5.8164
11.797
4.44349
13.5793
12.885
3.28803
14.0729
6.54532
6.15749
3.74163
15.3626
5.80975
9.16848
7.19613
15.3051
6.459
15.9232
13.2482
5.59378
2.98798
1.89895
12.523
14.4297
3.25898
4.64539
4.17931
15.2244
11.55
16.0479
12.9139
14.3189
3.82173
2.72628
2.56014
2.89489
15.2013
12.2995
2.45201
0.793542
6.79176
14.3699
14.1604
15.1214
7.80964
11.0256
5.0517
4.87461
12.949
14.5937
7.38806
15.8927
6.64804
6.88451
12.8691
12.9526
13.3162
0.0359508
13.4454
2.86059
1.09244
7.67395
15.4059
14.5412
2.2758
6.91732
6.13919
13.3015
2.64995
5.97613
14.1624
1.13498
13.4995
5.49132
6.77804
7.42004
2.81143
1.03781
14.0832
4.91078
16.2855
1.87863
15.2425
13.9034
2.42427
5.79391
9.52559
15.4841
12.9463
-0.143376
4.79235
11.85
5.93712
7.16272
2.93467
4.10451
14.588
5.05752
11.7237
13.6022
3.80067
16.9773
7.86648
15.8765
15.3271
8.0866
12.5189
7.92863
13.9406
4.63054
8.2645
11.9237
11.6698
3.87167
13.0171
6.05792
13.3488
4.5646
15.1411
3.48714
15.5283
4.29467
13.1218
7.48866
6.94226
2.88094
7.5941
6.21377
12.7869
2.60247
5.14324
2.66639
15.6973
4.05648
4.43322
8.46796
5.08842
14.1684
14.2622
5.66534
13.7758
6.52543
12.7968
15.0856
11.2295
15.6304
7.45888
6.47929
7.53074
8.18095
0.740532
13.3085
3.22523
1.26347
3.14831
14.0468
13.5181
13.514
5.83422
8.93702
6.4852
13.1535
5.56504
14.727
16.1303
12.772
4.9299
8.67392
6.6243
15.4836
8.45708
14.3105
14.2954
1.67541
13.3211
12.1886
5.83327
3.86093
14.6416
0.62328
13.9378
4.83301
13.3184
15.6756
6.7707
1.80477
7.78414
12.5863
13.9916
6.1246
15.0314
16.519
2.53084
7.13402
13.2836
5.56499
14.8195
1.33482
5.16447
6.55102
15.9308
5.81303
1.7228
1.87387
6.61136
16.3853
6.2205
14.4156
5.57704
15.0648
13.4226
5.74139
4.14573
5.51583
7.39695
13.571
0.521256
7.53161
6.19724
4.10279
2.3553
13.8525
13.8892
15.0383
5.77825
12.5858
2.63012
14.9385
12.9539
12.6879
12.658
1.9928
12.4737
15.8427
5.83202
12.5758
0.508683
0.273171
14.1761
5.32688
1.94769
15.5382
12.7151
13.955
14.6141
0.890011
14.8815
13.0952
12.9545
13.8419
1.16923
4.35462
3.24568
2.00967
2.33964
16.1646
14.0609
13.0345
5.37828
15.4676
14.0209
14.4323
5.22925
2.5764
5.33107
2.20698
2.57662
11.127
11.2569
13.1917
14.1671
14.8013
6.9865
14.3519
4.9015
12.9383
2.97034
15.2677
14.7401
5.45403
2.49477
6.19154
16.1605
3.86269
2.02023
1.48576
6.69043
7.25875
5.31825
4.8684
11.6912
14.7783
11.0773
14.1728
5.33823
7.61387
12.9081
14.7882
13.7148
15.8627
14.4726
14.3827
0.454115
1.70406
14.9201
15.0543
5.83388
4.52674
6.99077
5.75386
6.58201
7.44443
5.40573
13.8086
6.02322
2.69414
15.157
14.7136
9.53167
5.51519
2.28062
0.218879
3.75921
6.08701
3.73232
3.73363
2.81857
13.7359
5.56499
14.6459
7.64158
6.96207
12.8717
4.64582
6.106
15.9001
12.7726
7.71296
13.42
13.3186
13.5096
15.3484
13.4859
4.96874
11.8747
15.7552
14.088
2.6567
8.30611
6.52573
6.17195
4.30568
7.37006
8.92895
4.68272
8.20175
15.0639
14.6744
5.25804
13.7786
2.06051
12.7733
5.86271
13.7519
1.16163
11.3307
5.36063
12.61
15.5449
2.40489
5.27988
14.6739
3.85281
1.678
4.82878
4.83443
4.37866
14.7843
0.716849
8.4122
12.964
2.48987
13.6339
6.59245
7.19488
5.40202
6.35874
1.14661
5.94182
13.7367
12.9943
8.274
16.4226
13.9117
4.42933
4.07909
7.88733
5.96306
15.5066
2.38234
0.10654
12.883
3.67477
6.71628
16.071
14.7413
4.04305
10.7119
12.4163
4.89727
0.657155
7.83157
15.6449
5.2914
2.36088
15.0294
3.79705
6.96717
7.26937
14.0936
4.50542
2.33155
1.67006
5.44505
15.0351
2.34904
13.447
12.7955
8.07585
6.34601
11.8004
6.31282
2.3748
4.07098
5.40668
6.57381
2.50435
4.14136
3.4449
1.83166
8.02756
7.10049
4.84733
6.00578
6.53341
2.99527
14.8634
2.07349
14.4774
17.4823
6.29435
5.54156
15.3024
5.63483
5.51225
5.24824
13.2082
3.96973
2.17643
13.2728
1.93371
2.66805
14.1816
1.44102
1.72225
15.1543
6.26198
4.72312
2.13004
7.84404
0.751579
7.17999
12.579
5.84916
7.73498
14.7592
13.426
7.14943
4.22514
13.8946
12.0264
6.15386
12.6118
14.6521
5.62231
1.88159
12.4517
12.5027
6.89349
13.3309
